40
99
40
40
40
40
40
40
40
40
40
40
40
40
40
40
3
40
99
98
98
2
40
4
40
3
3
40
2
99
40
3
40
40
40
99
40
40
40
3
40
40
40
2
40
40
40
40
3
3
40
3
40
40
3
40
40
40
2
40
40
40
40
40
40
99
3
40
40
40
40
4
40
40
40
40
40
40
40
40
40
40
99
4
40
3
3
40
40
40
2
40
40
40
40
40
40
40
40
40
40
40
40
40
99
2
40
40
40
40
40
40
4
40
40
40
40
40
4
40
2
40
40
40
40
40
40
40
40
40
40
40
40
40
40
40
40
40
1
1
1
1
40
1
1
1
1
40
40
40
40
4
40
40
40
40
40
40
40
40
40
40
40
40
40
40
40
40
40
40
40
40
40
40
40
40
40
40
40
40
40
40
40
40
40
40
40
40
40
40
40
40
99
40
40
40
40
40
40
40
40
40
40
40
40
40
40
40
40
40
40
40
40
40
40
40
40
40
40
40
40
40
40
99
40
40
40
40
40
