40
40
40
40
40
40
40
40
40
40
40
40
40
40
40
40
2
2
2
40
2
40
3
40
1
1
1
1
40
40
3
40
40
40
40
2
40
3
40
40
40
40
40
40
40
3
40
3
3
40
2
40
40
40
1
1
1
98
40
98
3
40
40
40
3
40
40
40
99
40
40
40
40
40
40
40
40
4
40
3
40
40
40
40
40
40
40
40
4
40
40
40
40
40
40
40
40
40
40
40
40
40
2
40
40
40
40
40
4
40
40
40
3
3
40
40
40
2
40
40
40
40
40
40
99
40
40
40
40
40
40
40
2
40
40
40
40
40
40
4
40
40
40
40
40
40
40
40
40
40
40
40
40
40
40
40
40
40
40
4
40
40
4
40
40
40
40
40
40
40
40
40
40
40
40
40
40
40
40
40
40
40
40
40
40
40
40
40
40
40
40
40
40
40
40
40
40
40
40
40
40
40
40
40
40
40
40
40
40
40
40
40
40
40
40
40
40
40
40
40
40
40
40
40
40
40
40
40
40
