40
40
40
40
40
40
40
40
40
40
40
40
40
40
40
40
3
40
2
2
2
40
98
40
40
2
40
99
40
40
40
3
40
40
40
40
40
2
40
40
2
40
40
3
3
40
40
40
1
40
99
40
2
40
40
2
40
40
40
40
40
40
40
1
40
98
99
40
40
40
40
40
40
40
4
40
98
99
1
99
98
40
40
3
3
40
40
40
40
99
40
40
40
1
40
99
40
40
40
40
40
4
40
40
40
4
40
40
40
40
98
99
40
40
40
40
40
40
40
40
40
40
40
40
40
3
40
40
40
40
4
40
40
40
4
40
40
40
40
99
40
40
1
40
40
40
40
40
40
40
40
40
40
40
3
3
40
1
40
40
40
40
40
40
40
40
40
40
40
40
40
40
1
40
40
40
40
40
40
40
40
40
99
40
40
99
40
1
40
40
40
40
40
40
40
40
40
40
40
40
40
40
99
40
40
40
40
40
40
40
40
40
40
40
40
40
40
99
40
40
40
40
40
40
40
40
40
40
40
