40
40
40
40
40
40
40
40
40
40
40
40
1
1
1
1
40
40
40
4
40
40
40
40
40
40
40
40
40
40
40
40
3
3
40
40
2
2
2
40
40
40
40
40
40
40
40
40
40
40
40
40
40
40
40
40
3
3
40
4
40
40
2
2
2
40
40
40
40
40
40
40
40
40
40
40
40
40
3
3
40
40
4
40
4
40
40
40
40
40
40
40
40
40
40
40
3
3
40
40
40
40
40
40
40
40
40
40
40
40
40
40
40
40
40
40
40
40
40
40
40
40
40
40
40
40
40
2
3
4

5

6

4

3

2

5

5

4

3

3

4

5

5

40

40

40

40

40

40

40

40

40

40

40

40

40

40

40

40

40

40

40

40

40

40

40

40

40

40

40

40

40

40

40

40

15

15

14

13

13

14

15

15

12

13

14

15

16

14

13

12

40

40

40

40

40

40

40

40

40

